89
49
-18
-21
-40
-15
105
26
-5
81
32
-1
-37
-82
161
54
-30
-83
128
7
-51
-63
-50
152
98
132
-19
-84
54
-7
-62
111
57
-26
-12
110
127
101
148
124
79
-5
28
36
-68
8
-4
11
-65
-45
-42
-23
-51
117
3
0
49
87
55
20
-52
46
102
78
82
14
-38
103
17
58
-57
66
75
152
-97
48
-7
35
-21
-66
97
-92
-50
-29
-69
-26
74
126
38
93
-8
99
155
61
-79
91
-58
-47
86
48
-42
-61
8
-58
46
54
-47
-55
-3
-46
-75
139
58
-54
65
95
32
48
124
-61
85
60
119
104
146
34
66
-8
-10
22
57
-65
-45
5
5
48
-32
150
48
-72
-79
128
142
76
-2
4
116
-10
86
-72
139
-10
-8
-1
50
28
98
-96
-40
-16
-48
26
83
35
128
-11
0
69
-43
77
168
-72
28
158
16
81
-52
34
44
-76
-38
102
156
65
-38
-45
83
-44
25
92
-78
11
152
39
67
-67
141
-35
148
119
-52
97
-12
-91
-71
66
104
122
-93
4
-37
74
33
13
132
98
161
65
156
10
24
53
89
60
-106
-38
-52
24
25
-7
146
2
-43
-38
-60
-27
-109
97
-37
-34
-48
28
78
-89
-84
-1
-73
138
-75
-35
77
-69
-15
136
17
-82
88
-61
-46
-34
-8
-51
-49
96
124
114
120
-9
40
53
33
81
-10
-37
19
-53
60
-18
75
-73
148
-90
4
-42
-5
139
121
-32
109
1
36
30
-35
83
28
-16
-33
84
14
-34
93
44
15
-24
104
45
91
126
-35
24
11
68
-9
7
-14
-73
74
29
106
-89
150
17
-78
32
-28
0
-37
-47
-26
-52
-87
-46
15
73
-73
114
-65
-66
127
108
151
20
-70
-59
122
75
12
-24
-59
-80
-52
-54
111
130
144
126
129
70
72
107
-100
17
-71
67
94
7
81
138
17
42
-52
0
87
-15
9
75
139
-62
122
107
147
-8
-62
130
44
-37
-30
-4
34
41
99
-42
-40
37
55
126
133
154
-46
37
-36
38
42
-56
-49
120
-68
109
-25
-32
-52
122
-3
-33
-49
1
-1
-56
-48
-49
143
-26
-83
61
80
12
-8
44
38
-9
42
43
144
140
79
-75
79
51
34
54
98
-43
53
95
88
56
78
90
-69
-12
119
102
-67
-45
29
-97
-29
-55
123
-58
114
26
53
36
72
-35
43
147
-36
-13
-69
86
-69
-43
2
113
-81
73
-51
12
142
167
-49
-95
87
154
-66
40
29
120
137
130
123
5
0
130
-43
10
130
132
10
49
159
110
137
-26
143
12
95
19
40
-80
-42
156
-65
113
-17
1
133
71
148
-62
-12
-12
-2
15
59
102
43
-51
-41
-67
-17
43
60
-42
30
84
138
9
59
41
-20
-59
135
143
9
47
-64
140
-46
134
19
130
4
-17
-58
-105
104
-17
30
154
74
-23
3
-62
-48
36
99
-99
-75
29
-107
-20
-42
-98
-99
38
-84
39
-64
-84
59
-75
22
-4
72
-61
27
-59
0
5
-6
-32
47
136
80
4
-35
43
-60
101
-39
29
-58
136
15
61
-10
-45
136
108
149
-66
54
134
-17
105
-11
114
109
-66
132
84
25
-6
-13
-56
116
102
43
99
68
141
7
87
130
107
-38
141
-84
-1
13
147
-4
1
114
38
135
69
-74
-62
151
-62
-35
43
-64
-23
-12
88
-67
-18
65
-37
59
31
-52
50
-67
28
144
15
-3
96
46
149
85
10
12
150
129
68
110
36
101
-95
6
-39
-46
55
-5
56
76
-2
81
-70
109
-80
-21
-37
41
34
-3
-58
140
89
-31
20
89
-102
-91
-20
58
3
104
44
33
124
-25
156
50
36
132
25
4
-53
-10
54
4
101
66
77
-23
114
37
158
31
46
-15
79
24
121
52
48
34
113
-31
-74
111
-7
-84
-13
68
57
133
89
-85
9
63
-64
69
4
145
42
-64
-88
-36
71
-6
-30
96
-75
-50
-84
91
-9
-95
119
55
-37
-58
-69
22
-17
-71
37
135
-33
112
21
32
10
100
-13
-58
-52
-7
50
-10
93
66
54
7
65
116
-32
34
160
4
-58
36
-4
-7
110
-78
105
66
-67
-31
98
-33
105
93
24
-29
-29
119
7
12
43
18
-8
160
-75
20
-69
18
-9
-45
99
-26
106
156
39
101
-70
-17
113
146
58
57
110
92
-18
106
-1
105
120
-31
-3
-36
34
14
122
-41
27
45
151
138
-34
-28
102
117
120
105
-13
114
40
53
-64
112
-48
100
19
7
-45
117
96
162
114
123
0
-74
127
-6
-56
75
32
39
-50
-84
94
146
90
30
35
35
-5
79
-67
-6
91
-32
31
14
23
-38
117
97
119
44
-31
50
-47
-7
-84
89
13
141
-55
30
-74
-94
-32
62
50
103
106
-5
-47
57
46
-55
-93
143
-8
131
-12
63
60
109
51
-83
46
26
21
128
88
66
-2
34
89
-36
-28
98
-45
60
118
-73
-17
163
79
-46
-13
66
51
2
-5
80
52
126
79
23
-45
-32
123
92
91
22
-17
91
1
12
90
-96
119
-77
125
70
115
